10 128
-3 3 13 4 3 0 -4 -1 -17 -15 0 2 -4 -2 -4 -17 18 0 -9 -10 11 11 23 16 -1 18 -1 -17 -2 -2 -18 0 4 14 17 0 0 -17 -1 18 -16 1 13 1 -9 -5 -18 -15 -16 2 23 -10 0 14 0 0 -13 3 -9 2 -13 -10 -11 0 25 8 0 20 9 -4 -2 -11 0 4 -16 12 11 7 -3 18 -10 -1 -3 27 -19 0 -12 9 -17 4 26 14 -10 11 20 0 1 -11 7 2 -10 19 -8 12 -20 -13 2 -11 18 0 0 3 9 0 8 -1 -11 -14 -3 11 0 7 -2 -16 3 -16 -1 20
-11 0 5 -11 10 0 2 0 -7 20 0 -13 -14 -10 -9 -4 11 -14 21 -10 -5 -1 1 -9 40 -6 0 6 13 -18 3 0 -10 15 2 0 0 13 0 -13 -8 6 2 -5 -3 25 8 -5 -8 -2 -19 20 0 11 15 0 0 14 -3 2 -19 -10 2 0 5 15 0 -3 -2 15 11 4 0 15 5 -3 15 -6 2 -15 17 10 0 0 1 0 -10 -8 -10 -12 0 10 -2 9 0 33 0 -5 18 -4 -7 8 -13 16 2 9 0 0 -2 0 1 0 4 20 18 0 5 -1 -15 -7 0 -14 -11 -2 -5 10 0 11
19 -6 20 16 2 -2 14 -1 12 -3 -1 -12 16 -16 6 -3 5 1 -12 -12 -7 9 -2 -17 -1 -6 30 13 6 -9 -17 0 -11 6 -1 22 1 16 0 13 -16 -9 12 -18 1 -8 -14 -17 -12 32 -19 -7 0 4 -7 0 4 -12 17 2 0 -10 5 -1 0 -3 27 -17 25 -1 -2 1 -1 11 -14 2 -9 -5 3 11 8 2 -2 0 0 0 -8 -17 9 -8 2 -16 -7 -7 7 -4 1 13 19 -11 0 12 -12 11 -13 14 12 -17 19 0 15 19 10 4 12 -1 -15 -10 -11 12 1 3 10 -21 -3 -7 -3 3
8 -5 10 -5 2 -1 19 -2 10 -17 -1 -7 -11 -5 -18 5 0 -11 6 16 7 12 -5 -8 -5 -9 -2 14 16 -21 5 32 -3 -15 7 -4 5 -17 -4 0 7 0 -4 -10 -15 -9 -6 -8 -4 0 -5 9 0 -15 11 0 3 15 12 13 8 7 -9 -2 -3 -9 -1 5 4 -6 -19 -3 -3 3 -4 -19 -18 -9 3 -1 -4 -7 2 -1 0 0 -1 -11 3 -1 -1 17 -3 2 -15 -1 2 15 9 -3 5 15 8 16 -6 -14 0 21 -6 -1 -8 -14 19 11 -11 -2 -9 -5 17 -5 1 -8 6 -15 -15 -6 31 -4
0 -9 3 14 23 0 0 -1 1 -10 0 -4 2 10 13 4 -3 -2 5 -14 5 -18 2 -17 -1 0 0 -13 -4 0 -8 0 2 3 -16 0 0 -1 -1 6 -5 -16 4 -3 18 11 -8 -14 -14 0 -5 -8 14 -11 0 33 12 -9 -8 16 16 -10 -6 0 -12 -8 -3 -15 0 6 -7 -15 0 10 0 8 -4 0 3 -9 -10 -18 0 0 -1 30 -2 -15 20 -13 1 9 6 0 -4 0 1 14 9 -4 -8 -3 5 -21 0 -10 -8 -16 -14 0 -14 8 7 -4 1 -1 22 -1 7 3 0 -12 0 -7 -4 1 -1 18
-1 16 -10 -14 -18 0 1 32 0 -14 0 -6 23 13 -18 18 9 17 -8 -3 0 -11 3 -8 -1 19 0 20 -4 7 18 -5 -2 6 -22 -1 0 3 35 -9 -15 4 -2 -6 -18 -4 11 -5 1 0 -6 13 0 -16 13 0 -15 9 -2 7 11 7 13 -1 -6 -2 0 19 13 -8 18 -15 0 -11 17 -13 21 0 -3 6 13 -6 27 0 12 0 -20 -11 7 -5 3 -8 11 -3 -11 0 0 8 -13 3 -8 18 1 -12 -7 23 0 -16 20 0 6 -18 -8 2 6 32 1 7 1 1 0 20 -14 3 -5 14 -1 -10
-1 3 1 -17 -20 0 12 0 11 4 31 -6 -12 -7 -15 -5 -10 7 6 7 11 6 -5 18 -1 5 -1 -7 1 -10 2 0 0 -16 0 -1 0 14 0 -22 14 10 19 -10 -11 12 16 -5 10 -2 16 13 7 5 8 -1 14 0 -5 0 -20 0 -14 -1 -3 15 -1 14 -13 -6 -7 -11 0 -6 -11 19 -3 -2 -19 13 -20 0 -7 0 -15 0 16 16 5 -7 -2 3 20 -14 11 0 1 14 -3 -2 -2 7 5 17 -17 -9 -6 -13 -11 0 11 6 13 8 -13 0 0 -3 -2 -2 0 8 1 4 -16 19 -1 -12
0 0 1 13 -1 26 13 0 -6 13 0 -8 13 21 7 -6 -12 18 -8 -2 -16 7 1 -15 0 8 0 10 -10 -17 14 0 5 -1 -20 0 1 13 0 7 1 19 8 19 5 -3 -19 3 8 -6 0 0 0 18 2 0 -10 -6 -10 9 3 18 -5 0 -8 -13 0 15 -11 13 20 -8 30 10 -18 1 0 1 8 -11 -11 -8 0 0 -11 0 10 -7 -12 0 2 18 -7 15 -7 0 0 0 -11 -2 -1 -11 9 -18 -2 -4 16 -19 -15 0 11 2 2 -8 4 0 -14 24 2 -13 31 -3 12 -4 3 -19 -1 -12
6 -7 -12 -17 18 -1 -3 -8 8 -13 -7 10 -6 -14 -19 -13 3 -14 15 10 0 -1 5 -13 -10 -6 -17 4 0 -13 -9 -4 -9 4 -2 -6 1 13 -12 -9 16 -18 12 -14 4 0 -3 7 8 2 4 20 0 1 5 -3 3 1 11 -8 4 -14 10 19 8 9 -2 10 1 -18 19 20 -1 9 1 13 0 -3 2 -15 -13 15 -2 -7 -10 0 10 13 -10 -6 -5 -6 9 -11 -15 -22 11 -9 -15 11 -2 14 -19 0 -2 12 -1 12 5 -8 3 -11 16 9 10 -9 -10 3 -11 -10 3 -15 8 -13 15 17 -12 -5
8 5 10 -10 5 0 -10 0 19 -4 0 20 -16 17 -21 9 -13 16 10 11 -18 -9 0 -21 -1 1 0 1 15 1 -8 0 -17 -9 -3 -1 0 -1 -1 -17 -13 6 17 -21 -2 0 -4 5 2 3 -1 -3 4 20 -4 -20 12 -16 21 -13 6 18 3 -1 2 11 0 -5 -3 18 -11 -13 -17 -1 -5 19 3 -9 13 15 8 14 0 0 -17 -22 -18 0 -13 0 1 4 7 -1 11 0 1 16 -10 -11 -18 3 -18 18 -9 17 -7 -5 -10 25 5 13 -10 11 -11 -1 -8 -3 -2 16 -32 20 11 -5 13 -16 -2 -17
