784 1
0
0
0
0
0
0
0
0
0
0
0
0
0
0
0
0
0
0
0
0
0
0
0
0
0
0
0
0
0
0
0
0
0
0
0
0
0
0
0
0
0
0
0
0
0
0
0
0
0
0
0
0
0
0
0
0
0
0
0
0
0
0
0
0
0
0
0
0
0
0
0
0
0
0
0
0
0
0
0
0
0
0
0
0
0
0
0
0
0
0
0
0
0
0
0
0
0
0
0
0
0
0
0
0
0
0
0
0
0
0
0
0
0
0
0
0
0
0
0
0
0
0
0
0
0
0
0
0
0
0
0
0
0
0
0
0
0
0
0
0
0
0
0
0
0
0
0
0
0
0
0
3
15
15
16
15
15
7
3
0
0
0
0
0
0
0
0
0
0
0
0
0
0
0
0
0
0
0
11
15
15
15
15
15
15
15
11
3
0
0
0
0
0
0
0
0
0
0
0
0
0
0
0
0
5
13
15
15
15
15
15
15
15
15
15
11
0
0
0
0
0
0
0
0
0
0
0
0
0
0
1
10
14
15
15
15
15
14
12
14
15
15
15
15
2
0
0
0
0
0
0
0
0
0
0
0
0
1
12
15
15
15
15
15
15
10
0
3
10
15
15
15
7
0
0
0
0
0
0
0
0
0
0
0
0
7
15
15
15
15
15
15
15
10
0
0
1
15
15
15
10
0
0
0
0
0
0
0
0
0
0
0
0
15
15
15
15
15
15
15
15
5
0
0
1
15
15
15
10
0
0
0
0
0
0
0
0
0
0
0
0
15
15
15
15
15
15
12
5
0
0
0
5
15
15
15
2
0
0
0
0
0
0
0
0
0
0
0
0
12
15
15
14
10
9
0
0
0
0
0
10
15
15
15
2
0
0
0
0
0
0
0
0
0
0
0
0
1
6
4
2
0
0
0
0
0
0
0
11
15
15
14
1
0
0
0
0
0
0
0
0
0
0
0
0
0
0
0
0
0
0
0
0
0
0
9
15
15
15
9
0
0
0
0
0
0
0
0
0
0
0
0
0
0
0
0
0
0
0
0
0
1
4
14
15
15
15
13
10
10
10
10
4
0
0
0
0
0
0
0
0
0
0
0
0
0
0
0
8
15
15
15
15
15
15
15
15
15
15
15
12
0
0
0
0
0
0
0
0
0
0
0
0
0
0
11
15
15
15
15
15
15
15
15
15
15
15
15
15
0
0
0
0
0
0
0
0
0
0
0
0
0
9
15
15
15
15
15
15
15
15
15
15
15
15
11
4
0
0
0
0
0
0
0
0
0
0
0
3
11
15
15
15
15
15
14
9
2
2
2
2
2
2
0
0
0
0
0
0
0
0
0
0
0
0
5
15
15
15
15
15
15
14
5
0
0
0
0
0
0
0
0
0
0
0
0
0
0
0
0
0
0
0
13
15
15
15
15
15
14
5
0
0
0
0
0
0
0
0
0
0
0
0
0
0
0
0
0
0
0
0
13
15
15
15
15
14
4
0
0
0
0
0
0
0
0
0
0
0
0
0
0
0
0
0
0
0
0
0
6
7
7
7
7
0
0
0
0
0
0
0
0
0
0
0
0
0
0
0
0
0
0
0
0
0
0
0
0
0
0
0
0
0
0
0
0
0
0
0
0
0
0
0
0
0
0
0
0
0
0
0
0
0
0
0
0
0
0
0
0
0
0
0
0
0
0
0
0
0
0
0
0
0
0
0
0
0
0
0
0
0
0
0
0
0
0
0
0
0
0
0
0
0
0
0
0
0
0
0
0
0
0
0
0
