784 1
0
0
0
0
0
0
0
0
0
0
0
0
0
0
0
0
0
0
0
0
0
0
0
0
0
0
0
0
0
0
0
0
0
0
0
0
0
0
0
0
0
0
0
0
0
0
0
0
0
0
0
0
0
0
0
0
0
0
0
0
0
0
0
0
0
0
0
0
0
0
0
0
0
0
0
0
0
0
0
0
0
0
0
0
0
0
0
0
0
0
0
0
0
0
0
0
0
0
0
0
0
0
0
0
0
0
0
0
0
0
0
0
0
0
0
0
0
0
0
0
0
0
0
0
0
0
0
0
0
0
0
0
0
0
0
0
0
0
0
0
0
0
0
0
0
0
0
0
0
0
0
0
0
0
1
0
0
0
0
0
10
8
2
0
0
0
0
0
0
0
0
0
0
0
0
0
0
0
0
0
0
5
13
5
0
0
0
5
15
15
14
0
0
0
0
0
0
0
0
0
0
0
0
0
0
0
0
0
5
15
15
12
0
0
0
7
15
15
7
0
0
0
0
0
0
0
0
0
0
0
0
0
0
0
0
7
15
15
15
7
0
0
0
13
15
14
1
0
0
0
0
0
0
0
0
0
0
0
0
0
0
0
10
15
15
15
7
0
0
0
4
14
15
10
0
0
0
0
0
0
0
0
0
0
0
0
0
0
0
13
15
15
15
7
0
0
0
0
13
15
15
6
0
0
0
0
0
0
0
0
0
0
0
0
0
0
10
15
15
15
10
0
0
0
0
8
15
15
14
2
0
0
0
0
0
0
0
0
0
0
0
0
0
5
15
15
15
11
1
1
6
9
14
15
15
15
15
12
0
0
0
0
0
0
0
0
0
0
0
0
0
14
15
15
15
15
15
15
15
15
15
15
15
15
15
15
1
0
0
0
0
0
0
0
0
0
0
0
0
14
15
15
15
15
15
15
15
15
15
15
15
15
15
13
0
0
0
0
0
0
0
0
0
0
0
0
0
9
13
14
14
13
13
13
15
16
15
15
5
0
0
0
0
0
0
0
0
0
0
0
0
0
0
0
0
0
0
1
1
0
0
5
15
15
15
7
0
0
0
0
0
0
0
0
0
0
0
0
0
0
0
0
0
0
0
0
0
0
1
15
15
15
10
0
0
0
0
0
0
0
0
0
0
0
0
0
0
0
0
0
0
0
0
0
0
1
12
15
15
12
1
0
0
0
0
0
0
0
0
0
0
0
0
0
0
0
0
0
0
0
0
0
0
8
15
15
15
1
0
0
0
0
0
0
0
0
0
0
0
0
0
0
0
0
0
0
0
0
0
0
6
15
15
15
2
0
0
0
0
0
0
0
0
0
0
0
0
0
0
0
0
0
0
0
0
0
0
2
14
15
15
12
0
0
0
0
0
0
0
0
0
0
0
0
0
0
0
0
0
0
0
0
0
0
0
12
15
15
15
3
0
0
0
0
0
0
0
0
0
0
0
0
0
0
0
0
0
0
0
0
0
0
0
13
15
15
10
0
0
0
0
0
0
0
0
0
0
0
0
0
0
0
0
0
0
0
0
0
0
0
0
10
15
15
5
0
0
0
0
0
0
0
0
0
0
0
0
0
0
0
0
0
0
0
0
0
0
0
0
0
0
0
0
0
0
0
0
0
0
0
0
0
0
0
0
0
0
0
0
0
0
0
0
0
0
0
0
0
0
0
0
0
0
0
0
0
0
0
0
0
0
0
0
0
0
0
0
0
0
0
0
0
0
0
0
0
0
0
0
0
0
0
0
0
0
0
0
0
0
0
0
0
0
0
