784 1
0
0
0
0
0
0
0
0
0
0
0
0
0
0
0
0
0
0
0
0
0
0
0
0
0
0
0
0
0
0
0
0
0
0
0
0
0
0
0
0
0
0
0
0
0
0
0
0
0
0
0
0
0
0
0
0
0
0
0
0
0
0
0
0
0
0
0
0
0
0
0
0
0
0
0
0
0
0
0
0
0
0
0
0
0
0
0
0
0
0
0
0
0
0
0
0
0
0
0
0
0
0
0
0
0
0
0
0
0
0
0
0
0
0
0
0
0
0
0
0
0
0
0
0
0
0
0
0
0
0
0
0
0
0
0
0
0
0
0
0
0
0
0
0
0
0
0
0
0
0
0
0
0
0
0
0
0
0
0
0
0
0
0
0
0
0
0
0
0
0
0
0
0
0
0
0
0
0
0
3
6
7
0
0
0
0
10
15
8
0
0
0
0
0
0
0
0
0
0
0
0
0
0
0
0
0
7
15
15
12
0
0
0
3
15
12
0
0
0
0
0
0
0
0
0
0
0
0
0
0
0
0
0
9
13
12
2
0
0
0
0
4
15
9
0
0
0
0
0
0
0
0
0
0
0
0
0
0
0
0
7
15
14
1
0
0
0
0
0
8
15
13
0
0
0
0
0
0
0
0
0
0
0
0
0
0
0
0
13
15
4
0
0
0
0
0
0
10
15
9
0
0
0
0
0
0
0
0
0
0
0
0
0
0
0
1
15
11
0
0
0
0
0
0
0
12
15
8
0
0
0
0
0
0
0
0
0
0
0
0
0
0
0
9
15
6
0
0
0
0
0
0
2
15
13
1
0
0
0
0
0
0
0
0
0
0
0
0
0
0
0
13
15
5
0
0
0
0
0
0
8
15
10
0
0
0
0
0
0
0
0
0
0
0
0
0
0
0
0
13
15
5
0
0
0
0
0
0
13
15
10
0
0
0
0
0
0
0
0
0
0
0
0
0
0
0
0
10
15
6
0
0
0
1
5
10
15
15
9
0
0
0
0
0
0
0
0
0
0
0
0
0
0
0
0
4
15
14
10
10
15
15
16
15
15
15
1
0
0
0
0
0
0
0
0
0
0
0
0
0
0
0
0
0
11
15
15
15
15
13
10
3
15
15
1
0
0
0
0
0
0
0
0
0
0
0
0
0
0
0
0
0
0
3
2
2
2
0
0
2
15
13
0
0
0
0
0
0
0
0
0
0
0
0
0
0
0
0
0
0
0
0
0
0
0
0
0
3
15
11
0
0
0
0
0
0
0
0
0
0
0
0
0
0
0
0
0
0
0
0
0
0
0
0
0
10
15
11
0
0
0
0
0
0
0
0
0
0
0
0
0
0
0
0
0
0
0
0
0
0
0
0
0
11
15
8
0
0
0
0
0
0
0
0
0
0
0
0
0
0
0
0
0
0
0
0
0
0
0
0
0
14
15
9
0
0
0
0
0
0
0
0
0
0
0
0
0
0
0
0
0
0
0
0
0
0
0
0
0
12
15
10
0
0
0
0
0
0
0
0
0
0
0
0
0
0
0
0
0
0
0
0
0
0
0
0
1
15
15
4
0
0
0
0
0
0
0
0
0
0
0
0
0
0
0
0
0
0
0
0
0
0
0
0
4
15
13
0
0
0
0
0
0
0
0
0
0
0
0
0
0
0
0
0
0
0
0
0
0
0
0
0
0
0
0
0
0
0
0
0
0
0
0
0
0
0
0
0
0
0
0
0
0
0
0
0
0
0
0
0
0
0
0
0
0
0
0
0
0
0
0
0
0
0
